     1    1   100.000000     8.318804     1.889954
     2   11     0.000000     7.163161     1.806945
     3   12     0.000000     5.240380     1.500329
     4   13     0.000000     4.229116     1.288282
     5   14     0.000000     3.576690     1.129975
     6   15     0.000000     3.107549     1.004996
     7   16     0.000000     2.746483     0.902214
     8   17     0.000000     2.455084     0.814965
     9   18     0.000000     2.211339     0.738949
    10   19     0.000000     2.001431     0.671182
    11   21     0.000000     7.177651     1.808402
    12   22     0.000000     5.248176     1.501988
    13   23     0.000000     4.234710     1.289849
    14   24     0.000000     3.581146     1.131400
    15   25     0.000000     3.111270     1.006271
    16   26     0.000000     2.749644     0.903346
    17   27     0.000000     2.457794     0.815964
    18   28     0.000000     2.213673     0.739825
    19   29     0.000000     2.003441     0.671945
    20   31     0.000000     7.191612     1.810084
    21   32     0.000000     5.256441     1.504040
    22   33     0.000000     4.241088     1.291866
    23   34     0.000000     3.586472     1.133275
    24   35     0.000000     3.115858     1.007976
    25   36     0.000000     2.753634     0.904874
    26   37     0.000000     2.461262     0.817317
    27   38     0.000000     2.216670     0.741008
    28   39     0.000000     2.006006     0.672964
    29   41     0.000000     7.203153     1.812019
    30   42     0.000000     5.264773     1.506693
    31   43     0.000000     4.248387     1.294616
    32   44     0.000000     3.593117     1.135930
    33   45     0.000000     3.121889     1.010452
    34   46     0.000000     2.759051     0.907131
    35   47     0.000000     2.466070     0.819332
    36   48     0.000000     2.220852     0.742768
    37   49     0.000000     2.009551     0.674460
    38   51     0.000000     7.209749     1.813698
    39   52     0.000000     5.272633     1.509952
    40   53     0.000000     4.257051     1.298440
    41   54     0.000000     3.602005     1.139901
    42   55     0.000000     3.130624     1.014353
    43   56     0.000000     2.767344     0.910823
    44   57     0.000000     2.473678     0.822713
    45   58     0.000000     2.227569     0.745748
    46   59     0.000000     2.015189     0.676958
    47   61     0.000000     7.207977     1.813137
    48   62     0.000000     5.271699     1.509633
    49   63     0.000000     4.256487     1.298239
    50   64     0.000000     3.601650     1.139769
    51   65     0.000000     3.130362     1.014258
    52   66     0.000000     2.767152     0.910753
    53   67     0.000000     2.473534     0.822660
    54   68     0.000000     2.227459     0.745708
    55   69     0.000000     2.015103     0.676927
    56   71     0.000000     7.197548     1.810330
    57   72     0.000000     5.261951     1.505743
    58   73     0.000000     4.246667     1.294008
    59   74     0.000000     3.591971     1.135517
    60   75     0.000000     3.121066     1.010155
    61   76     0.000000     2.758453     0.906913
    62   77     0.000000     2.465613     0.819167
    63   78     0.000000     2.220498     0.742640
    64   79     0.000000     2.009268     0.674358
    65   81     0.000000     7.183272     1.807608
    66   82     0.000000     5.252219     1.502635
    67   83     0.000000     4.238493     1.290963
    68   84     0.000000     3.584745     1.132657
    69   85     0.000000     3.114624     1.007532
    70   86     0.000000     2.752721     0.904544
    71   87     0.000000     2.460572     0.817066
    72   88     0.000000     2.216126     0.740811
    73   89     0.000000     2.005569     0.672806
    74   91     0.000000     7.167693     1.805684
    75   92     0.000000     5.243452     1.500465
    76   93     0.000000     4.231846     1.288872
    77   94     0.000000     3.579217     1.130723
    78   95     0.000000     3.109890     1.005780
    79   96     0.000000     2.748617     0.902977
    80   97     0.000000     2.457005     0.815680
    81   98     0.000000     2.213050     0.739600
    82   99     0.000000     2.002937     0.671763
    83  101     0.000000     7.154230     1.804632
    84  102     0.000000     5.236235     1.499066
    85  103     0.000000     4.226596     1.287465
    86  104     0.000000     3.575012     1.129409
    87  105     0.000000     3.106337     1.004576
    88  106     0.000000     2.745567     0.901893
    89  107     0.000000     2.454365     0.814712
    90  108     0.000000     2.210762     0.738744
    91  109     0.000000     2.000959     0.671013
    92  111     0.000000     7.143120     1.803751
    93  112     0.000000     5.231617     1.498601
    94  113     0.000000     4.224119     1.287176
    95  114     0.000000     3.573417     1.129202
    96  115     0.000000     3.105220     1.004419
    97  116     0.000000     2.744735     0.901768
    98  117     0.000000     2.453716     0.814609
    99  118     0.000000     2.210239     0.738657
   100  119     0.000000     2.000527     0.670938
   101  121     0.000000     7.135990     1.803080
   102  122     0.000000     5.228611     1.498218
   103  123     0.000000     4.222397     1.286918
   104  124     0.000000     3.572292     1.129008
   105  125     0.000000     3.104426     1.004268
   106  126     0.000000     2.744123     0.901642
   107  127     0.000000     2.453236     0.814504
   108  128     0.000000     2.209846     0.738567
   109  129     0.000000     2.000197     0.670860
   110  131     0.000000     7.133949     1.802697
   111  132     0.000000     5.227571     1.497974
   112  133     0.000000     4.221777     1.286742
   113  134     0.000000     3.571860     1.128875
   114  135     0.000000     3.104094     1.004162
   115  136     0.000000     2.743870     0.901557
   116  137     0.000000     2.453026     0.814432
   117  138     0.000000     2.209673     0.738506
   118  139     0.000000     2.000053     0.670808
   119  141     0.000000     7.139348     1.803812
   120  142     0.000000     5.230084     1.498605
   121  143     0.000000     4.223274     1.287162
   122  144     0.000000     3.572866     1.129181
   123  145     0.000000     3.104844     1.004399
   124  146     0.000000     2.744451     0.901747
   125  147     0.000000     2.453493     0.814589
   126  148     0.000000     2.210059     0.738639
   127  149     0.000000     2.000378     0.670921
   128  151     0.000000     7.149557     1.805264
   129  152     0.000000     5.234550     1.499418
   130  153     0.000000     4.225842     1.287701
   131  154     0.000000     3.574571     1.129568
   132  155     0.000000     3.106064     1.004694
   133  156     0.000000     2.745374     0.901980
   134  157     0.000000     2.454220     0.814779
   135  158     0.000000     2.210647     0.738796
   136  159     0.000000     2.000862     0.671055
